              precision    recall  f1-score   support

           0     0.9929    0.9969    0.9949       980
           1     0.9974    0.9965    0.9969      1135
           2     1.0000    0.9884    0.9942      1032
           3     0.9911    0.9960    0.9936      1010
           4     0.9969    0.9939    0.9954       982
           5     0.9759    0.9978    0.9867       892
           6     0.9958    0.9854    0.9906       958
           7     0.9913    0.9990    0.9952      1028
           8     0.9979    0.9949    0.9964       974
           9     0.9960    0.9881    0.9920      1009

    accuracy                         0.9937     10000
   macro avg     0.9935    0.9937    0.9936     10000
weighted avg     0.9938    0.9937    0.9937     10000
